#AL092016,HERMINE
20160828,1800,,TD,23.8N,81.4W,30,1009,0,0,0,0,0,0,0,0,0,0,0,0,-999
20160829,0000,,TD,23.4N,82.4W,30,1007,0,0,0,0,0,0,0,0,0,0,0,0,-999
20160829,0600,,TD,23.4N,83.3W,30,1007,0,0,0,0,0,0,0,0,0,0,0,0,-999
20160829,1200,,TD,23.5N,84.0W,30,1007,0,0,0,0,0,0,0,0,0,0,0,0,-999
20160829,1800,,TD,23.7N,84.6W,30,1005,0,0,0,0,0,0,0,0,0,0,0,0,-999
20160830,0000,,TD,23.8N,85.4W,30,1003,0,0,0,0,0,0,0,0,0,0,0,0,-999
20160830,0600,,TD,23.8N,86.2W,30,1003,0,0,0,0,0,0,0,0,0,0,0,0,-999
20160830,1200,,TD,23.9N,86.8W,30,1003,0,0,0,0,0,0,0,0,0,0,0,0,-999
20160830,1800,,TD,24.0N,87.3W,30,1003,0,0,0,0,0,0,0,0,0,0,0,0,-999
20160831,0000,,TD,24.1N,87.8W,30,1003,0,0,0,0,0,0,0,0,0,0,0,0,-999
20160831,0600,,TS,24.4N,88.0W,35,1003,40,60,0,0,0,0,0,0,0,0,0,0,-999
20160831,1200,,TS,24.8N,87.9W,40,1003,70,90,0,0,0,0,0,0,0,0,0,0,-999
20160831,1800,,TS,25.1N,87.7W,45,1002,100,110,60,0,0,0,0,0,0,0,0,0,-999
20160901,0000,,TS,25.5N,87.2W,50,999,120,120,90,0,20,20,0,0,0,0,0,0,-999
20160901,0600,,TS,26.0N,86.8W,55,995,130,130,90,0,80,70,0,0,0,0,0,0,-999
20160901,1200,,TS,26.9N,86.2W,60,991,130,140,80,60,100,100,30,30,0,0,0,0,-999
20160901,1800,,HU,27.9N,85.5W,65,988,130,150,60,60,90,110,30,40,40,40,0,0,-999
20160902,0000,,HU,29.0N,84.8W,70,983,130,150,60,60,70,110,40,30,40,40,30,0,-999
20160902,0530,L,HU,30.1N,84.1W,70,981,130,150,60,60,70,110,40,30,30,40,30,0,20
20160902,0600,,HU,30.3N,84.0W,65,982,130,150,60,40,40,110,30,20,20,30,0,0,-999
20160902,0800,R,TS,30.6N,83.8W,60,984,130,150,60,40,40,110,30,20,0,0,0,0,-999
20160902,1200,,TS,31.4N,82.8W,50,989,130,160,30,30,20,100,0,0,0,0,0,0,-999
20160902,1800,,TS,32.4N,81.2W,50,990,130,160,20,20,0,100,0,0,0,0,0,0,-999
20160903,0000,,TS,33.6N,79.2W,50,991,140,160,0,0,0,90,0,0,0,0,0,0,-999
#AL142016,MATTHEW
20161006,1200,,HU,24.7N,77.5W,120,937,160,140,70,100,70,60,40,60,40,40,30,40,-999
20161006,1800,,HU,25.7N,78.3W,120,937,160,140,80,110,70,60,40,60,50,40,30,40,-999
20161007,0000,L,HU,26.7N,79.0W,115,937,170,150,80,120,70,70,50,60,50,40,30,40,-999
20161007,0600,,HU,27.7N,79.7W,110,939,170,150,80,120,70,70,50,60,50,40,30,40,-999
20161007,1200,,HU,28.9N,80.3W,105,944,170,150,80,120,80,70,60,60,50,40,35,40,-999
20161007,1800,,HU,29.7N,80.7W,100,946,170,150,80,120,80,70,60,60,50,40,35,40,-999
20161008,0000,,HU,30.7N,80.6W,95,949,180,150,80,120,80,70,50,50,50,50,30,35,-999
20161008,0600,,HU,31.6N,80.6W,85,953,180,160,90,130,80,70,50,40,40,40,25,30,-999
20161008,0900,T,HU,32.1N,80.5W,85,957,180,160,90,130,80,70,50,40,40,40,25,30,-999
20161008,1200,,HU,32.5N,79.9W,80,963,190,160,90,140,70,70,60,30,30,25,20,0,-999
#AL112017,IRMA
20170909,1800,,HU,23.1N,80.2W,95,938,180,160,120,180,100,90,70,90,60,60,30,60,-999
20170910,0000,,HU,23.4N,80.9W,100,932,210,170,120,180,100,100,70,90,60,60,30,60,-999
20170910,0600,,HU,23.7N,81.3W,115,930,240,170,140,190,110,110,70,100,70,60,30,50,-999
20170910,1200,,HU,24.5N,81.5W,115,931,270,180,140,210,120,120,70,100,70,60,30,50,-999
20170910,1300,L,HU,24.7N,81.5W,115,931,270,180,140,210,120,120,80,110,70,60,30,50,10
20170910,1800,,HU,25.6N,81.7W,100,936,300,190,140,220,130,130,80,110,70,60,30,50,-999
20170910,1930,L,HU,25.9N,81.7W,100,936,330,190,140,220,130,130,80,110,70,60,30,50,15
20170911,0000,,HU,26.8N,81.7W,80,942,360,200,150,240,140,140,90,120,60,60,30,50,-999
20170911,0600,,HU,28.2N,82.2W,65,961,360,210,150,240,140,140,90,120,30,30,20,50,-999
20170911,1200,,TS,29.6N,82.7W,50,970,360,230,150,240,140,140,90,120,0,0,0,0,-999
20170911,1800,,TS,30.9N,83.5W,45,980,360,250,150,240,0,0,0,0,0,0,0,0,-999
20170912,0000,,TS,31.9N,84.4W,35,986,360,270,0,0,0,0,0,0,0,0,0,0,-999
20170912,0600,,LO,32.9N,85.6W,25,997,0,0,0,0,0,0,0,0,0,0,0,0,-999
20170912,1200,,LO,33.8N,86.9W,20,1000,0,0,0,0,0,0,0,0,0,0,0,0,-999
#AL142018,MICHAEL
20181008,1800,,HU,21.7N,85.1W,75,977,120,150,80,90,60,50,20,50,30,0,0,25,-999
20181009,0000,,HU,22.7N,85.2W,85,971,150,150,80,110,60,50,30,50,30,30,25,30,-999
20181009,0600,,HU,23.7N,85.8W,85,973,170,140,70,140,70,50,30,50,35,30,20,30,-999
20181009,1200,,HU,24.6N,86.2W,90,968,160,140,70,140,70,50,30,50,30,30,20,30,-999
20181009,1800,,HU,25.6N,86.4W,100,961,160,140,70,140,70,50,30,50,40,30,20,30,-999
20181010,0000,,HU,26.6N,86.5W,110,952,160,140,70,140,70,60,30,50,40,30,20,30,-999
20181010,0600,,HU,27.7N,86.6W,120,945,160,140,70,140,80,80,30,50,40,30,20,30,-999
20181010,1200,,HU,29.0N,86.3W,125,934,150,140,80,120,80,80,40,50,40,35,25,30,-999
20181010,1730,L,HU,30.0N,85.5W,140,919,90,140,100,80,60,80,50,50,35,35,25,25,10
20181010,1800,,HU,30.2N,85.4W,135,920,90,140,100,80,60,80,50,50,35,35,25,25,-999
20181011,0000,,HU,31.5N,84.5W,80,957,60,140,60,40,40,40,30,20,25,25,0,0,-999
20181011,0600,,TS,32.8N,83.2W,50,979,50,140,50,0,0,20,0,0,0,0,0,0,-999
20181011,1200,,TS,34.1N,81.7W,45,987,0,160,0,0,0,0,0,0,0,0,0,0,-999
#AL192020,SALLY
20200911,1800,,TD,25.4N,78.6W,30,1007,0,0,0,0,0,0,0,0,0,0,0,0,-999
20200912,0000,,TD,25.6N,79.4W,30,1004,0,0,0,0,0,0,0,0,0,0,0,0,-999
20200912,0600,L,TD,25.6N,80.2W,30,1003,0,0,0,0,0,0,0,0,0,0,0,0,-999
20200912,1200,,TS,25.5N,80.8W,35,1003,60,60,0,0,0,0,0,0,0,0,0,0,-999
20200912,1800,,TS,25.6N,81.6W,35,1003,0,70,0,0,0,0,0,0,0,0,0,0,-999
20200913,0000,,TS,26.0N,82.5W,35,1003,30,80,0,0,0,0,0,0,0,0,0,0,-999
20200913,0600,,TS,26.7N,83.5W,45,1001,50,80,0,20,0,0,0,0,0,0,0,0,-999
20200913,1200,,TS,27.2N,84.5W,50,996,70,90,0,30,30,0,0,0,0,0,0,0,-999
20200913,1800,,TS,27.6N,85.4W,50,996,80,100,0,50,30,0,0,0,0,0,0,0,-999
20200914,0000,,TS,27.9N,86.0W,50,996,90,100,0,70,30,0,0,0,0,0,0,0,-999
20200914,0600,,TS,28.2N,86.5W,55,996,100,110,20,100,40,30,0,30,0,0,0,0,-999
20200914,1200,,HU,28.4N,86.9W,65,991,110,110,20,100,50,30,0,30,20,0,0,0,-999
20200914,1800,,HU,28.6N,87.3W,75,986,110,110,30,90,60,30,0,30,30,15,0,15,-999
20200915,0000,,HU,28.7N,87.7W,75,986,110,110,30,90,70,40,0,30,35,20,0,15,-999
20200915,0600,,HU,28.8N,88.0W,70,984,110,110,40,90,70,40,0,30,40,25,0,20,-999
20200915,1200,,HU,29.0N,88.1W,70,982,110,110,50,90,70,40,0,40,40,25,0,25,-999
20200915,1800,,HU,29.3N,88.1W,70,981,110,110,60,80,70,40,0,40,40,20,0,25,-999
20200916,0000,,HU,29.6N,88.0W,75,975,110,110,70,80,70,40,30,50,35,20,20,25,-999
20200916,0600,,HU,29.9N,87.9W,95,967,100,110,80,80,70,40,30,50,35,20,20,25,-999
20200916,0945,L,HU,30.3N,87.7W,95,965,90,110,80,70,70,40,30,50,35,20,20,25,15
20200916,1200,,HU,30.5N,87.6W,85,967,80,130,80,60,60,40,30,40,30,25,20,20,-999
20200916,1800,,TS,31.1N,87.2W,60,982,70,150,80,50,40,30,30,20,0,0,0,0,-999
20200917,0000,,TS,31.6N,86.7W,35,994,60,90,80,0,0,0,0,0,0,0,0,0,-999
20200917,0600,,TD,32.1N,86.1W,30,1000,0,0,0,0,0,0,0,0,0,0,0,0,-999
20200917,1200,,EX,32.6N,85.2W,30,1003,0,0,0,0,0,0,0,0,0,0,0,0,-999
#AL092022,IAN
20220927,0830,L,HU,22.2N,83.7W,110,947,100,100,70,90,50,50,30,40,30,25,20,20,15
20220927,1200,,HU,22.6N,83.6W,100,963,120,120,100,120,60,60,50,60,30,25,20,20,15
20220927,1800,,HU,23.5N,83.3W,105,951,120,120,100,120,60,60,50,60,35,35,20,20,15
20220928,0000,,HU,24.4N,83.0W,105,947,120,120,100,120,60,60,50,60,35,35,20,20,20
20220928,0200,L,HU,24.6N,82.9W,110,952,120,120,100,120,60,60,50,60,35,35,20,20,20
20220928,0600,,HU,25.2N,82.9W,120,945,120,130,100,150,70,60,60,70,35,35,30,35,20
20220928,1200,,HU,26.0N,82.7W,140,937,120,140,100,150,70,60,70,80,40,40,30,40,20
20220928,1800,,HU,26.6N,82.4W,135,938,130,150,100,150,50,60,70,80,30,40,30,45,20
20220928,1905,L,HU,26.7N,82.2W,130,941,130,150,100,150,50,60,70,80,30,40,30,45,20
20220928,2035,L,HU,26.8N,82.0W,125,945,130,150,100,150,50,60,70,80,30,40,30,45,20
20220929,0000,,HU,27.2N,81.7W,100,960,180,120,120,220,50,60,50,70,30,40,30,45,20
20220929,0600,,HU,27.7N,81.1W,65,985,360,120,150,200,60,50,40,70,30,0,0,30,20
20220929,1200,,TS,28.4N,80.6W,60,987,360,120,150,200,60,50,40,70,0,0,0,0,40
20220929,1800,,HU,28.9N,80.1W,65,986,360,140,150,200,60,0,50,100,0,0,0,40,40
20220930,0000,,HU,29.6N,79.4W,70,986,420,150,120,220,60,80,80,120,0,0,40,60,40
20220930,0600,,HU,30.3N,79.1W,75,984,420,130,100,160,80,60,80,120,0,0,40,60,40
20220930,1200,,HU,31.5N,79.0W,75,980,240,130,120,140,80,60,80,80,40,0,40,60,40
20220930,1800,,HU,33.3N,79.2W,70,978,190,130,100,60,80,60,80,40,0,30,40,0,40
#AL172022,NICOLE
20221109,1800,,TS,26.5N,77.3W,60,985,420,80,60,390,20,0,20,50,0,0,0,0,20
20221109,2300,L,HU,26.6N,78.2W,65,980,420,80,60,390,30,30,20,50,20,20,0,0,20
20221110,0000,,HU,26.7N,78.4W,65,980,420,80,60,390,30,30,20,50,20,20,0,0,20
20221110,0600,,HU,27.3N,79.8W,65,980,390,90,180,300,80,30,20,80,20,20,0,0,20
20221110,0745,L,HU,27.6N,80.3W,65,980,390,90,180,300,80,30,20,80,20,20,0,0,20
20221110,1200,,TS,28.0N,81.6W,55,984,330,90,150,200,120,0,0,0,0,0,0,0,110
20221110,1800,,TS,29.0N,82.8W,40,989,200,60,100,130,0,0,0,0,0,0,0,0,70
20221110,1900,L,TS,29.2N,83.0W,40,989,200,60,100,130,0,0,0,0,0,0,0,0,70
20221111,0000,L,TS,30.1N,84.0W,35,992,200,60,100,100,0,0,0,0,0,0,0,0,70
20221111,0600,,TD,31.2N,84.6W,30,996,0,0,0,0,0,0,0,0,0,0,0,0,90
20221111,1200,,TD,33.2N,84.6W,25,999,0,0,0,0,0,0,0,0,0,0,0,0,250
20221111,1800,,LO,35.4N,83.8W,25,1000,0,0,0,0,0,0,0,0,0,0,0,0,400
#AL102023,IDALIA
20230828,1800,,TS,21.2N,85.2W,60,986,80,120,50,50,30,40,20,20,0,0,0,0,20
20230829,0000,,TS,21.8N,85.1W,60,984,90,130,50,50,30,40,20,20,0,0,0,0,20
20230829,0600,,HU,22.6N,85.0W,65,981,110,140,50,50,40,40,20,20,15,15,0,0,15
20230829,1200,,HU,23.8N,84.8W,70,978,120,140,50,60,50,40,20,30,20,15,0,10,15
20230829,1800,,HU,25.3N,84.8W,80,973,120,140,50,60,50,40,20,30,20,15,10,10,15
20230830,0000,,HU,26.9N,84.7W,90,965,120,140,50,60,50,40,20,30,20,15,10,10,10
20230830,0600,,HU,28.3N,84.5W,105,945,120,150,60,60,60,50,30,40,20,20,15,10,10
20230830,0900,I,HU,29.1N,84.1W,115,942,130,150,70,60,60,50,30,40,20,20,15,10,10
20230830,1145,L,HU,29.9N,83.6W,100,950,130,180,50,60,60,50,30,40,20,20,15,10,10
20230830,1200,,HU,30.0N,83.5W,100,954,140,180,50,60,50,50,30,40,20,20,15,10,10
20230830,1800,,TS,31.5N,82.5W,60,981,140,180,60,50,40,40,30,30,0,0,0,0,20
20230831,0000,,TS,32.7N,80.9W,50,985,140,180,50,50,40,40,0,0,0,0,0,0,40
20230831,0600,,TS,33.5N,78.9W,50,990,160,180,70,40,0,50,0,0,0,0,0,0,40
#AL042024,DEBBY
20240803,0600,,TD,21.5N,80.2W,25,1009,0,0,0,0,0,0,0,0,0,0,0,0,80
20240803,1200,,TD,22.2N,81.5W,30,1008,0,0,0,0,0,0,0,0,0,0,0,0,100
20240803,1800,,TS,23.1N,82.6W,35,1006,120,120,0,0,0,0,0,0,0,0,0,0,100
20240804,0000,,TS,23.9N,83.2W,35,1003,120,120,0,0,0,0,0,0,0,0,0,0,80
20240804,0600,,TS,25.0N,83.8W,40,1000,120,120,0,0,0,0,0,0,0,0,0,0,80
20240804,1200,,TS,26.2N,84.3W,50,994,120,150,0,0,80,80,0,0,0,0,0,0,80
20240804,1800,,TS,27.3N,84.3W,60,989,120,150,0,60,80,80,0,0,0,0,0,0,60
20240805,0000,,HU,28.3N,84.1W,70,986,90,130,40,70,60,70,0,30,30,0,0,0,30
20240805,0600,,HU,29.1N,83.9W,70,980,70,130,50,60,50,70,0,30,30,25,0,15,25
20240805,1100,L,HU,29.7N,83.5W,70,979,60,120,50,50,40,70,0,30,20,25,0,15,20
20240805,1200,,HU,29.9N,83.4W,65,982,60,120,50,50,30,50,0,20,15,20,0,10,20
20240805,1800,,TS,30.4N,83.0W,50,992,120,120,60,0,20,30,0,0,0,0,0,0,30
20240806,0000,,TS,30.8N,82.3W,45,996,150,150,0,0,0,0,0,0,0,0,0,0,60
20240806,0600,,TS,31.3N,81.8W,45,999,180,180,0,0,0,0,0,0,0,0,0,0,70
20240806,1200,,TS,31.8N,81.4W,40,999,180,180,0,0,0,0,0,0,0,0,0,0,80
20240806,1800,,TS,32.0N,81.1W,40,999,120,150,0,0,0,0,0,0,0,0,0,0,80
20240807,0000,,SS,31.9N,80.4W,40,997,90,150,100,0,0,0,0,0,0,0,0,0,90
#AL092024,HELENE
20240925,1800,,HU,22.0N,86.5W,70,978,300,300,90,130,60,60,40,40,25,30,0,0,25
20240926,0000,,HU,22.8N,86.7W,70,973,360,300,110,130,60,80,50,50,40,50,0,0,40
20240926,0600,,HU,23.6N,86.5W,75,970,360,300,120,120,100,100,60,50,60,60,0,0,45
20240926,1200,,HU,24.7N,85.8W,85,963,360,300,130,120,100,100,90,50,70,70,30,30,35
20240926,1800,,HU,26.6N,85.0W,105,958,300,270,140,130,110,110,70,50,80,70,30,30,25
20240927,0000,,HU,28.7N,84.3W,120,941,260,270,150,150,110,110,60,50,70,70,35,35,20
20240927,0310,L,HU,30.0N,83.7W,120,939,240,270,150,140,100,110,60,50,60,70,35,35,20
20240927,0500,R,HU,30.8N,83.5W,95,947,230,290,140,90,100,110,50,30,45,50,0,0,25
20240927,0600,,HU,31.3N,83.3W,80,957,230,290,130,70,100,120,30,0,35,40,0,0,30
20240927,0900,R,TS,32.9N,83.1W,60,967,190,300,60,40,70,130,0,0,0,0,0,0,40
20240927,1200,,TS,34.4N,83.2W,45,973,170,320,0,0,0,0,0,0,0,0,0,0,50
20240927,1800,,LO,36.8N,84.9W,40,983,200,360,0,130,0,0,0,0,0,0,0,0,80
#AL142024,MILTON
20241008,2205,R,HU,22.8N,87.2W,145,902,80,80,80,120,45,45,45,45,25,25,25,25,5
20241009,0000,,HU,23.0N,86.9W,140,908,80,80,80,120,45,45,45,45,25,25,25,25,5
20241009,0205,R,HU,23.3N,86.6W,135,916,80,80,80,120,45,45,45,45,25,25,25,25,5
20241009,0600,,HU,23.8N,85.9W,140,909,100,100,100,120,45,50,50,50,25,25,25,25,5
20241009,0825,R,HU,24.3N,85.4W,140,907,100,100,100,120,45,50,50,50,25,25,25,25,5
20241009,1200,,HU,25.0N,84.8W,135,919,140,130,110,170,50,50,50,70,30,30,30,25,10
20241009,1800,,HU,26.3N,84.0W,115,945,180,170,110,220,60,60,70,90,30,30,30,30,15
20241010,0000,,HU,27.3N,82.7W,105,956,180,170,110,220,60,60,70,90,30,30,30,30,20
20241010,0030,L,HU,27.4N,82.6W,100,958,180,170,110,220,60,60,70,90,30,30,30,30,20
20241010,0600,,HU,28.1N,81.3W,70,975,220,170,110,180,60,60,70,90,30,30,0,0,30
20241010,1200,,HU,29.0N,79.5W,65,983,270,180,120,200,80,80,80,90,0,50,0,0,50
20241010,1800,,EX,29.5N,77.5W,60,984,270,160,160,220,100,100,90,110,0,0,0,0,50
20241011,0000,,EX,29.5N,75.0W,60,986,240,160,180,220,90,90,80,100,0,0,0,0,50
20241011,0600,,EX,29.5N,72.4W,55,993,200,150,210,200,90,50,80,90,0,0,0,0,50
