#AL142016,MATTHEW
20161005,0000,L,HU,20.1N,74.3W,115,949,160,150,90,100,70,60,50,60,40,40,40,40,-999
20161005,0600,,HU,20.7N,74.4W,110,960,160,140,90,90,70,60,50,60,40,35,35,40,-999
20161005,1200,,HU,21.4N,74.8W,105,962,160,140,80,90,70,60,50,60,40,30,30,40,-999
20161005,1800,,HU,22.2N,75.4W,105,963,160,140,70,90,70,60,40,60,40,30,30,40,-999
20161006,0000,,HU,23.0N,76.0W,105,960,160,140,70,90,70,60,40,60,40,30,30,40,-999
20161006,0600,,HU,23.8N,76.7W,110,952,160,140,70,90,70,60,40,60,40,30,30,40,-999
20161006,1200,,HU,24.7N,77.5W,120,937,160,140,70,100,70,60,40,60,40,40,30,40,-999
20161006,1800,,HU,25.7N,78.3W,120,937,160,140,80,110,70,60,40,60,50,40,30,40,-999
20161007,0000,L,HU,26.7N,79.0W,115,937,170,150,80,120,70,70,50,60,50,40,30,40,-999
20161007,0600,,HU,27.7N,79.7W,110,939,170,150,80,120,70,70,50,60,50,40,30,40,-999
20161007,1200,,HU,28.9N,80.3W,105,944,170,150,80,120,80,70,60,60,50,40,35,40,-999
20161007,1800,,HU,29.7N,80.7W,100,946,170,150,80,120,80,70,60,60,50,40,35,40,-999
20161008,0000,,HU,30.7N,80.6W,95,949,180,150,80,120,80,70,50,50,50,50,30,35,-999
20161008,0600,,HU,31.6N,80.6W,85,953,180,160,90,130,80,70,50,40,40,40,25,30,-999
20161008,0900,T,HU,32.1N,80.5W,85,957,180,160,90,130,80,70,50,40,40,40,25,30,-999
20161008,1200,,HU,32.5N,79.9W,80,963,190,160,90,140,70,70,60,30,30,25,20,0,-999
20161008,1500,L,HU,33.0N,79.5W,75,967,190,160,90,140,70,70,60,30,30,25,20,0,-999
20161008,1800,,HU,33.5N,79.0W,70,973,190,170,100,150,60,80,30,20,25,25,25,0,-999
20161009,0000,,HU,33.9N,77.3W,70,981,190,170,120,160,70,80,90,60,0,0,40,0,-999
20161009,0600,,HU,34.7N,76.0W,70,983,200,170,150,170,60,80,110,60,0,0,50,0,-999
20161009,1200,,EX,35.0N,74.5W,65,984,200,180,180,190,50,60,90,90,0,0,50,0,-999
20161009,1800,,EX,35.2N,72.8W,60,987,210,180,180,210,60,60,100,120,0,0,0,0,-999
#AL112017,IRMA
20170908,0000,,HU,21.1N,71.8W,140,919,160,120,90,150,100,70,50,80,60,50,30,55,-999
20170908,0500,L,HU,21.5N,73.0W,135,924,160,120,90,150,100,80,50,80,60,50,30,55,-999
20170908,0600,,HU,21.5N,73.2W,135,925,160,120,90,150,100,80,50,80,60,50,30,55,-999
20170908,1200,,HU,21.8N,74.7W,135,927,160,120,100,150,100,90,50,80,60,50,30,55,-999
20170908,1800,,HU,22.0N,76.0W,140,925,160,120,100,150,100,90,50,80,60,60,30,60,-999
20170909,0000,,HU,22.1N,77.2W,145,924,160,130,110,160,100,90,50,80,60,60,30,60,-999
20170909,0300,L,HU,22.3N,77.9W,145,924,160,140,110,160,100,90,50,80,60,60,30,60,-999
20170909,0600,,HU,22.4N,78.3W,130,930,160,160,120,170,100,90,60,80,60,60,30,60,-999
20170909,1200,,HU,22.7N,79.3W,110,941,160,160,120,170,100,90,60,90,60,60,30,60,-999
20170909,1800,,HU,23.1N,80.2W,95,938,180,160,120,180,100,90,70,90,60,60,30,60,-999
20170910,0000,,HU,23.4N,80.9W,100,932,210,170,120,180,100,100,70,90,60,60,30,60,-999
20170910,0600,,HU,23.7N,81.3W,115,930,240,170,140,190,110,110,70,100,70,60,30,50,-999
20170910,1200,,HU,24.5N,81.5W,115,931,270,180,140,210,120,120,70,100,70,60,30,50,-999
20170910,1300,L,HU,24.7N,81.5W,115,931,270,180,140,210,120,120,80,110,70,60,30,50,10
20170910,1800,,HU,25.6N,81.7W,100,936,300,190,140,220,130,130,80,110,70,60,30,50,-999
20170910,1930,L,HU,25.9N,81.7W,100,936,330,190,140,220,130,130,80,110,70,60,30,50,15
20170911,0000,,HU,26.8N,81.7W,80,942,360,200,150,240,140,140,90,120,60,60,30,50,-999
20170911,0600,,HU,28.2N,82.2W,65,961,360,210,150,240,140,140,90,120,30,30,20,50,-999
20170911,1200,,TS,29.6N,82.7W,50,970,360,230,150,240,140,140,90,120,0,0,0,0,-999
20170911,1800,,TS,30.9N,83.5W,45,980,360,250,150,240,0,0,0,0,0,0,0,0,-999
20170912,0000,,TS,31.9N,84.4W,35,986,360,270,0,0,0,0,0,0,0,0,0,0,-999
20170912,0600,,LO,32.9N,85.6W,25,997,0,0,0,0,0,0,0,0,0,0,0,0,-999
20170912,1200,,LO,33.8N,86.9W,20,1000,0,0,0,0,0,0,0,0,0,0,0,0,-999
20170912,1800,,LO,34.8N,88.1W,15,1003,0,0,0,0,0,0,0,0,0,0,0,0,-999
20170913,0000,,LO,35.6N,88.9W,15,1004,0,0,0,0,0,0,0,0,0,0,0,0,-999
20170913,0600,,LO,36.2N,89.5W,15,1004,0,0,0,0,0,0,0,0,0,0,0,0,-999
20170913,1200,,LO,36.8N,90.1W,15,1005,0,0,0,0,0,0,0,0,0,0,0,0,-999
#AL172022,NICOLE
20221108,0000,,SS,26.8N,70.7W,40,998,270,270,0,180,0,0,0,0,0,0,0,0,200
20221108,0600,,SS,27.5N,71.2W,40,996,240,240,0,330,0,0,0,0,0,0,0,0,200
20221108,1200,,SS,27.7N,72.1W,45,993,240,240,0,330,0,0,0,0,0,0,0,0,80
20221108,1800,,TS,27.6N,73.3W,50,991,240,240,0,330,0,0,0,60,0,0,0,0,60
20221109,0000,,TS,27.2N,74.3W,60,984,300,240,30,330,0,0,0,60,0,0,0,0,60
20221109,0600,,TS,26.8N,75.3W,60,986,360,120,60,400,0,0,0,60,0,0,0,0,60
20221109,1200,,TS,26.5N,76.2W,55,985,360,120,60,400,20,0,20,50,0,0,0,0,20
20221109,1700,L,TS,26.5N,77.1W,60,985,360,120,60,400,20,0,20,50,0,0,0,0,20
20221109,1800,,TS,26.5N,77.3W,60,985,420,80,60,390,20,0,20,50,0,0,0,0,20
20221109,2300,L,HU,26.6N,78.2W,65,980,420,80,60,390,30,30,20,50,20,20,0,0,20
20221110,0000,,HU,26.7N,78.4W,65,980,420,80,60,390,30,30,20,50,20,20,0,0,20
20221110,0600,,HU,27.3N,79.8W,65,980,390,90,180,300,80,30,20,80,20,20,0,0,20
20221110,0745,L,HU,27.6N,80.3W,65,980,390,90,180,300,80,30,20,80,20,20,0,0,20
20221110,1200,,TS,28.0N,81.6W,55,984,330,90,150,200,120,0,0,0,0,0,0,0,110
20221110,1800,,TS,29.0N,82.8W,40,989,200,60,100,130,0,0,0,0,0,0,0,0,70
20221110,1900,L,TS,29.2N,83.0W,40,989,200,60,100,130,0,0,0,0,0,0,0,0,70
20221111,0000,L,TS,30.1N,84.0W,35,992,200,60,100,100,0,0,0,0,0,0,0,0,70
20221111,0600,,TD,31.2N,84.6W,30,996,0,0,0,0,0,0,0,0,0,0,0,0,90
20221111,1200,,TD,33.2N,84.6W,25,999,0,0,0,0,0,0,0,0,0,0,0,0,250
20221111,1800,,LO,35.4N,83.8W,25,1000,0,0,0,0,0,0,0,0,0,0,0,0,400
