#AL032004,CHARLEY
20040809,1200,,TD,11.4N,59.2W,30,1010,0,0,0,0,0,0,0,0,0,0,0,0,-999
20040809,1800,,TD,11.7N,61.1W,30,1009,0,0,0,0,0,0,0,0,0,0,0,0,-999
20040810,0000,,TD,12.2N,63.2W,30,1009,0,0,0,0,0,0,0,0,0,0,0,0,-999
20040810,0600,,TS,12.9N,65.3W,35,1007,75,0,0,50,0,0,0,0,0,0,0,0,-999
20040810,1200,,TS,13.8N,67.6W,40,1004,90,50,0,75,0,0,0,0,0,0,0,0,-999
20040810,1800,,TS,14.9N,69.8W,45,1000,90,50,0,75,0,0,0,0,0,0,0,0,-999
20040811,0000,,TS,15.6N,71.8W,55,999,90,50,0,75,20,0,0,0,0,0,0,0,-999
20040811,0600,,TS,16.0N,73.7W,55,999,90,50,0,75,20,0,0,0,0,0,0,0,-999
20040811,1200,,TS,16.3N,75.4W,60,995,90,75,0,75,40,0,0,40,0,0,0,0,-999
20040811,1800,,HU,16.7N,76.8W,65,993,90,75,0,75,40,0,0,40,25,0,0,25,-999
20040812,0000,,HU,17.4N,78.1W,65,992,90,75,30,75,40,0,0,40,25,0,0,25,-999
20040812,0600,,HU,18.2N,79.3W,75,988,90,75,30,75,50,20,0,40,20,0,0,20,-999
20040812,1200,,HU,19.2N,80.7W,80,984,90,90,30,75,50,30,20,40,20,15,10,20,-999
20040812,1800,,HU,20.5N,81.6W,90,980,90,90,40,90,60,50,20,40,25,20,10,20,-999
20040813,0000,,HU,21.7N,82.2W,90,976,90,90,45,90,60,50,20,40,25,20,10,20,-999
20040813,0430,L,HU,22.7N,82.6W,105,966,-999,-999,-999,-999,-999,-999,-999,-999,-999,-999,-999,-999,-999
20040813,0600,,HU,23.0N,82.6W,105,966,90,90,45,90,60,50,20,40,25,20,10,20,-999
20040813,1200,,HU,24.4N,82.9W,95,969,90,90,75,75,50,50,40,40,25,25,15,15,-999
20040813,1800,,HU,26.1N,82.4W,125,947,40,75,75,50,30,40,40,25,20,20,10,10,-999
20040813,1945,L,HU,26.6N,82.2W,130,941,-999,-999,-999,-999,-999,-999,-999,-999,-999,-999,-999,-999,5
20040813,2045,L,HU,26.9N,82.1W,125,942,-999,-999,-999,-999,-999,-999,-999,-999,-999,-999,-999,-999,5
20040814,0000,,HU,28.1N,81.6W,75,970,40,75,40,40,30,40,30,25,20,20,20,10,-999
20040814,0600,,HU,30.1N,80.8W,75,993,75,100,40,40,50,75,30,25,25,50,20,10,-999
20040814,1200,,HU,32.3N,79.7W,65,988,75,100,40,40,50,75,0,0,25,40,0,0,-999
20040814,1400,L,HU,33.0N,79.4W,70,992,-999,-999,-999,-999,-999,-999,-999,-999,-999,-999,-999,-999,20
20040814,1600,L,HU,33.8N,78.7W,65,997,-999,-999,-999,-999,-999,-999,-999,-999,-999,-999,-999,-999,20
20040814,1800,,TS,34.5N,78.1W,60,1000,75,75,30,30,50,50,15,15,0,0,0,0,-999
20040815,0000,,EX,36.9N,75.9W,40,1012,75,75,20,0,0,0,0,0,0,0,0,0,-999
20040815,0600,,EX,39.3N,73.8W,35,1014,75,75,20,0,0,0,0,0,0,0,0,0,-999
20040815,1200,,EX,41.2N,71.1W,30,1018,0,0,0,0,0,0,0,0,0,0,0,0,-999
#AL062004,FRANCES
20040825,0000,,TD,11.1N,35.2W,25,1009,0,0,0,0,0,0,0,0,0,0,0,0,-999
20040825,0600,,TD,11.2N,36.8W,30,1008,0,0,0,0,0,0,0,0,0,0,0,0,-999
20040825,1200,,TD,11.3N,38.3W,30,1007,0,0,0,0,0,0,0,0,0,0,0,0,-999
20040825,1800,,TS,11.5N,39.8W,35,1005,40,20,20,40,0,0,0,0,0,0,0,0,-999
20040826,0000,,TS,11.9N,41.5W,40,1003,50,30,30,50,0,0,0,0,0,0,0,0,-999
20040826,0600,,TS,12.3N,42.9W,45,1000,60,40,40,60,0,0,0,0,0,0,0,0,-999
20040826,1200,,TS,12.8N,44.5W,55,994,65,50,50,65,30,20,20,30,0,0,0,0,-999
20040826,1800,,HU,13.3N,45.8W,65,987,70,55,55,70,35,20,20,35,15,0,0,15,-999
20040827,0000,,HU,13.7N,46.8W,70,984,75,60,60,75,40,30,30,40,15,0,0,15,-999
20040827,0600,,HU,14.2N,47.8W,75,980,75,60,60,75,40,30,30,40,15,15,15,15,-999
20040827,1200,,HU,14.7N,48.5W,90,970,80,65,65,80,40,30,30,40,20,15,15,20,-999
20040827,1800,,HU,15.4N,49.3W,100,962,90,80,80,90,45,35,35,45,20,20,20,20,-999
20040828,0000,,HU,15.9N,50.0W,100,962,90,80,80,90,45,35,35,45,20,20,20,20,-999
20040828,0600,,HU,16.6N,50.9W,100,962,90,90,90,90,50,40,40,50,20,20,20,20,-999
20040828,1200,,HU,17.2N,51.6W,105,958,90,90,90,90,50,50,50,50,25,25,25,25,-999
20040828,1800,,HU,17.7N,52.3W,115,948,100,90,90,90,60,50,55,60,30,25,30,30,-999
20040829,0000,,HU,18.1N,52.9W,115,948,110,100,100,110,65,50,60,65,30,25,30,30,-999
20040829,0600,,HU,18.4N,53.6W,115,948,120,100,100,120,65,50,60,65,35,25,30,35,-999
20040829,1200,,HU,18.6N,54.4W,115,948,135,110,110,135,70,50,60,70,40,25,30,40,-999
20040829,1800,,HU,18.8N,55.0W,110,948,150,110,110,150,75,50,60,75,40,25,30,45,-999
20040830,0000,,HU,18.9N,55.8W,105,954,150,110,110,150,75,50,60,75,40,25,30,45,-999
20040830,0600,,HU,19.0N,56.8W,100,958,150,110,110,150,75,50,70,90,40,25,30,45,-999
20040830,1200,,HU,19.2N,58.1W,100,956,150,110,120,150,90,50,70,90,45,30,30,45,-999
20040830,1800,,HU,19.4N,59.3W,110,948,160,120,120,160,90,70,70,90,50,40,40,50,-999
20040831,0000,,HU,19.6N,60.7W,110,946,160,130,120,160,90,80,70,90,50,40,40,50,-999
20040831,0600,,HU,19.8N,62.1W,115,950,160,130,120,160,90,80,70,90,55,45,45,55,-999
20040831,1200,,HU,20.0N,63.5W,120,949,160,130,120,160,90,90,70,90,55,45,45,55,-999
20040831,1800,,HU,20.3N,65.0W,125,942,160,130,120,160,100,90,75,90,55,45,45,60,-999
20040901,0000,,HU,20.6N,66.4W,120,941,160,130,120,160,110,100,75,100,65,50,45,60,-999
20040901,0600,,HU,21.0N,67.9W,120,939,160,130,120,160,120,100,75,100,70,55,45,60,-999
20040901,0700,P,HU,21.1N,68.1W,120,935,-999,-999,-999,-999,-999,-999,-999,-999,-999,-999,-999,-999,-999
20040901,1200,,HU,21.4N,69.1W,120,937,160,130,120,160,120,100,75,100,70,55,45,60,-999
20040901,1800,,HU,21.8N,70.4W,120,941,160,130,120,160,120,100,75,100,70,55,45,60,-999
20040902,0000,,HU,22.2N,71.4W,120,939,160,130,120,160,120,100,75,100,70,60,45,60,-999
20040902,0600,,HU,22.7N,72.5W,125,937,160,130,120,160,120,100,75,100,70,60,45,60,-999
20040902,0730,W,HU,22.8N,72.8W,125,936,-999,-999,-999,-999,-999,-999,-999,-999,-999,-999,-999,-999,-999
20040902,1200,,HU,23.2N,73.5W,120,939,160,130,120,160,120,100,75,100,70,60,45,60,-999
20040902,1800,,HU,23.8N,74.3W,115,948,160,140,120,160,120,100,75,100,70,60,45,60,-999
20040902,1930,L,HU,24.0N,74.5W,110,948,-999,-999,-999,-999,-999,-999,-999,-999,-999,-999,-999,-999,-999
20040903,0000,,HU,24.2N,75.0W,105,948,160,150,120,160,120,100,75,100,70,60,45,60,-999
20040903,0530,L,HU,24.6N,75.6W,100,954,-999,-999,-999,-999,-999,-999,-999,-999,-999,-999,-999,-999,-999
20040903,0600,,HU,24.7N,75.7W,100,954,160,150,120,150,120,100,75,100,70,65,45,65,-999
20040903,1000,L,HU,25.1N,76.1W,95,956,-999,-999,-999,-999,-999,-999,-999,-999,-999,-999,-999,-999,-999
20040903,1200,,HU,25.3N,76.3W,95,958,165,150,120,160,120,100,75,100,70,70,45,70,-999
20040903,1800,,HU,25.7N,77.1W,90,960,170,150,120,160,125,100,75,100,75,75,45,75,-999
20040904,0000,,HU,26.0N,77.5W,85,960,175,160,120,160,125,100,80,110,80,70,45,75,-999
20040904,0600,,HU,26.4N,77.9W,85,960,175,160,120,160,125,100,80,110,85,60,50,75,-999
20040904,1000,L,HU,26.6N,78.2W,90,961,-999,-999,-999,-999,-999,-999,-999,-999,-999,-999,-999,-999,-999
20040904,1200,,HU,26.8N,78.5W,90,962,175,160,120,160,125,100,80,110,85,60,50,75,-999
20040904,1800,,HU,26.8N,79.1W,90,962,175,160,125,160,125,100,90,120,75,60,50,75,-999
20040905,0000,,HU,27.0N,79.4W,95,958,175,160,125,160,125,100,90,120,75,60,50,75,-999
20040905,0430,L,HU,27.2N,80.2W,90,960,-999,-999,-999,-999,-999,-999,-999,-999,-999,-999,-999,-999,30
20040905,0600,,HU,27.2N,80.2W,90,960,175,160,125,160,125,100,75,120,75,60,40,60,-999
20040905,1200,,HU,27.4N,80.7W,80,969,175,150,125,125,80,80,40,40,60,30,30,30,-999
20040905,1800,,TS,27.8N,81.7W,60,975,175,125,125,125,40,30,25,25,0,0,0,0,-999
20040906,0000,,TS,28.1N,82.3W,55,978,175,125,125,175,30,0,0,0,0,0,0,0,-999
20040906,0600,,TS,28.6N,83.3W,55,981,175,125,125,125,60,0,0,45,0,0,0,0,-999
20040906,1200,,TS,29.2N,83.7W,55,982,75,90,90,75,45,0,0,45,0,0,0,0,-999
20040906,1800,L,TS,30.1N,84.0W,50,982,60,90,90,0,25,0,0,25,0,0,0,0,-999
20040907,0000,,TS,31.0N,84.6W,35,984,0,90,90,0,0,0,0,0,0,0,0,0,-999
20040907,0600,,TD,31.5N,85.0W,30,988,0,0,0,0,0,0,0,0,0,0,0,0,-999
20040907,1200,,TD,32.0N,85.2W,25,992,0,0,0,0,0,0,0,0,0,0,0,0,-999
20040907,1800,,TD,32.5N,85.1W,25,996,0,0,0,0,0,0,0,0,0,0,0,0,-999
20040908,0000,,TD,33.4N,84.7W,25,998,0,0,0,0,0,0,0,0,0,0,0,0,-999
20040908,0600,,TD,34.3N,84.3W,25,1000,0,0,0,0,0,0,0,0,0,0,0,0,-999
20040908,1200,,TD,36.1N,83.2W,25,1001,0,0,0,0,0,0,0,0,0,0,0,0,-999
20040908,1800,,TD,37.8N,82.1W,25,1002,0,0,0,0,0,0,0,0,0,0,0,0,-999
20040909,0000,,EX,38.7N,81.3W,25,1001,0,0,0,0,0,0,0,0,0,0,0,0,-999
20040909,0600,,EX,40.5N,80.0W,30,1001,0,0,0,0,0,0,0,0,0,0,0,0,-999
20040909,1200,,EX,42.8N,77.7W,35,1001,75,0,0,75,0,0,0,0,0,0,0,0,-999
20040909,1800,,EX,44.3N,75.7W,30,1002,0,0,0,0,0,0,0,0,0,0,0,0,-999
20040910,0000,,EX,45.3N,73.3W,25,1003,0,0,0,0,0,0,0,0,0,0,0,0,-999
20040910,0600,,EX,46.2N,70.5W,20,1004,0,0,0,0,0,0,0,0,0,0,0,0,-999
20040910,1200,,EX,46.6N,67.3W,20,1005,0,0,0,0,0,0,0,0,0,0,0,0,-999
20040910,1800,,EX,47.2N,64.2W,20,1005,0,0,0,0,0,0,0,0,0,0,0,0,-999
#AL092004,IVAN
20040902,1800,,TD,9.7N,27.6W,25,1009,0,0,0,0,0,0,0,0,0,0,0,0,-999
20040903,0000,,TD,9.7N,28.7W,30,1007,0,0,0,0,0,0,0,0,0,0,0,0,-999
20040903,0600,,TS,9.7N,30.3W,35,1005,50,0,0,50,0,0,0,0,0,0,0,0,-999
20040903,1200,,TS,9.5N,32.1W,40,1003,50,0,0,50,0,0,0,0,0,0,0,0,-999
20040903,1800,,TS,9.3N,33.6W,45,1000,60,125,125,60,0,0,0,0,0,0,0,0,-999
20040904,0000,,TS,9.1N,35.0W,45,999,60,125,125,60,0,0,0,0,0,0,0,0,-999
20040904,0600,,TS,8.9N,36.5W,50,997,60,100,100,60,25,25,25,25,0,0,0,0,-999
20040904,1200,,TS,8.9N,38.2W,50,997,60,100,100,60,20,20,20,20,0,0,0,0,-999
20040904,1800,,TS,9.0N,39.9W,55,994,60,100,60,60,20,20,20,20,0,0,0,0,-999
20040905,0000,,TS,9.3N,41.4W,60,991,90,100,60,90,30,30,30,30,0,0,0,0,-999
20040905,0600,,HU,9.5N,43.4W,65,987,90,90,90,90,40,40,40,40,20,20,20,20,-999
20040905,1200,,HU,9.8N,45.1W,85,977,110,110,70,90,40,40,40,40,20,20,20,20,-999
20040905,1800,,HU,10.2N,46.8W,110,955,110,110,90,90,40,40,40,40,20,20,20,20,-999
20040906,0000,,HU,10.6N,48.5W,115,948,120,120,100,100,50,50,50,50,30,30,30,30,-999
20040906,0600,,HU,10.8N,50.5W,110,950,120,120,100,100,50,50,50,50,30,30,30,30,-999
20040906,1200,,HU,11.0N,52.5W,110,955,120,120,100,120,50,50,50,50,30,30,30,30,-999
20040906,1800,,HU,11.3N,54.4W,90,969,120,50,50,120,75,20,20,75,45,0,0,45,-999
20040907,0000,,HU,11.2N,56.1W,90,964,140,50,50,140,75,20,20,90,60,0,0,60,-999
20040907,0600,,HU,11.3N,57.8W,95,965,140,60,60,140,90,30,30,90,60,15,15,60,-999
20040907,1200,,HU,11.6N,59.4W,100,963,140,60,60,140,90,30,30,90,60,15,15,60,-999
20040907,1800,,HU,11.8N,61.1W,105,956,140,125,30,140,100,75,25,100,60,15,15,60,-999
20040907,2130,C,HU,11.9N,61.8W,110,952,-999,-999,-999,-999,-999,-999,-999,-999,-999,-999,-999,-999,-999
20040908,0000,,HU,12.0N,62.6W,115,950,140,125,50,140,100,75,35,100,60,20,20,60,-999
20040908,0600,,HU,12.3N,64.1W,120,946,140,125,50,140,100,75,35,100,60,20,20,60,-999
20040908,1200,,HU,12.6N,65.5W,120,955,140,125,50,140,100,75,35,100,60,20,20,60,-999
20040908,1800,,HU,13.0N,67.0W,120,950,140,125,50,140,100,75,35,100,60,20,20,60,-999
20040909,0000,,HU,13.3N,68.3W,130,938,140,125,75,140,100,75,35,100,50,25,25,50,-999
20040909,0600,,HU,13.7N,69.5W,140,925,140,125,75,140,100,75,35,100,50,25,25,50,-999
20040909,1200,,HU,14.2N,70.8W,140,919,140,125,75,140,100,75,35,100,50,25,25,50,-999
20040909,1800,,HU,14.7N,71.9W,130,921,150,75,60,140,60,60,45,60,30,30,25,30,-999
20040910,0000,,HU,15.2N,72.8W,130,923,150,90,90,150,125,60,60,60,45,35,30,45,-999
20040910,0600,,HU,15.7N,73.8W,125,930,150,90,90,150,125,60,60,60,45,35,30,45,-999
20040910,1200,,HU,16.2N,74.7W,125,934,150,90,90,150,75,50,50,75,50,25,25,40,-999
20040910,1800,,HU,16.8N,75.8W,120,940,150,90,90,150,75,50,50,75,50,25,25,40,-999
20040911,0000,,HU,17.3N,76.5W,135,926,150,90,90,150,75,50,50,75,50,40,30,40,-999
20040911,0330,C,HU,17.4N,77.2W,130,924,-999,-999,-999,-999,-999,-999,-999,-999,-999,-999,-999,-999,-999
20040911,0600,,HU,17.4N,77.6W,130,923,150,100,100,150,60,60,60,60,40,30,30,40,-999
20040911,1200,,HU,17.7N,78.4W,125,925,150,100,100,150,60,60,60,60,40,30,30,40,-999
20040911,1800,,HU,18.0N,79.0W,145,920,150,100,100,150,75,60,60,75,60,30,30,60,-999
20040912,0000,,HU,18.2N,79.6W,145,910,150,100,100,150,90,75,60,90,60,60,30,60,-999
20040912,0600,,HU,18.4N,80.4W,135,915,150,100,100,150,100,70,70,95,80,45,25,55,-999
20040912,1200,,HU,18.8N,81.2W,135,919,150,120,100,150,100,90,70,90,80,60,45,55,-999
20040912,1415,C,HU,18.9N,81.5W,130,920,-999,-999,-999,-999,-999,-999,-999,-999,-999,-999,-999,-999,-999
20040912,1800,,HU,19.1N,82.1W,130,920,150,120,100,150,100,90,70,90,80,60,45,55,-999
20040913,0000,,HU,19.5N,82.8W,140,916,175,150,125,150,125,100,75,100,80,60,50,60,-999
20040913,0600,,HU,19.9N,83.5W,140,920,175,150,125,125,125,90,60,75,90,75,40,50,-999
20040913,1200,,HU,20.4N,84.1W,140,915,180,150,125,125,125,90,60,75,90,75,40,50,-999
20040913,1800,,HU,20.9N,84.7W,140,912,190,175,140,150,125,110,90,100,100,85,70,75,-999
20040913,2100,P,HU,21.2N,84.8W,140,910,-999,-999,-999,-999,-999,-999,-999,-999,-999,-999,-999,-999,-999
20040914,0000,,HU,21.6N,85.1W,140,914,175,175,125,150,125,110,70,100,85,85,50,75,-999
20040914,0100,C,HU,21.7N,85.2W,140,916,-999,-999,-999,-999,-999,-999,-999,-999,-999,-999,-999,-999,-999
20040914,0600,,HU,22.4N,85.6W,140,924,175,175,125,150,125,110,70,100,85,85,50,75,-999
20040914,1200,,HU,23.0N,86.0W,125,930,225,175,150,200,125,110,70,100,85,85,50,75,-999
20040914,1800,,HU,23.7N,86.5W,120,931,225,175,150,200,175,125,75,125,90,90,60,75,-999
20040915,0000,,HU,24.7N,87.0W,120,928,225,175,150,200,175,125,75,125,90,90,60,75,-999
20040915,0600,,HU,25.6N,87.4W,120,935,225,175,150,200,175,125,75,125,90,90,60,75,-999
20040915,1200,,HU,26.7N,87.9W,115,939,225,250,150,175,150,100,90,100,90,90,75,75,-999
20040915,1800,,HU,27.9N,88.2W,115,937,225,250,125,150,125,100,100,100,90,90,75,75,-999
20040916,0000,,HU,28.9N,88.2W,110,931,225,250,125,150,125,125,100,100,90,90,75,75,-999
20040916,0600,,HU,30.0N,87.9W,105,943,225,250,125,100,125,125,100,75,90,90,75,50,-999
20040916,0650,L,HU,30.2N,87.9W,105,946,-999,-999,-999,-999,-999,-999,-999,-999,-999,-999,-999,-999,25
20040916,1200,,HU,31.4N,87.7W,70,965,100,250,125,75,65,125,50,40,45,45,35,25,-999
20040916,1800,,TS,32.5N,87.4W,50,975,60,60,40,40,20,20,0,0,0,0,0,0,-999
20040917,0000,,TD,33.8N,86.5W,30,986,0,0,0,0,0,0,0,0,0,0,0,0,-999
20040917,0600,,TD,34.7N,85.7W,25,991,0,0,0,0,0,0,0,0,0,0,0,0,-999
20040917,1200,,TD,35.4N,84.0W,20,994,0,0,0,0,0,0,0,0,0,0,0,0,-999
20040917,1800,,TD,36.2N,82.3W,20,996,0,0,0,0,0,0,0,0,0,0,0,0,-999
20040918,0000,,TD,37.0N,80.5W,20,999,0,0,0,0,0,0,0,0,0,0,0,0,-999
20040918,0600,,TD,37.7N,78.5W,15,998,0,0,0,0,0,0,0,0,0,0,0,0,-999
20040918,1200,,TD,38.4N,76.7W,15,1000,0,0,0,0,0,0,0,0,0,0,0,0,-999
20040918,1800,,EX,38.0N,75.5W,25,1002,0,0,0,0,0,0,0,0,0,0,0,0,-999
20040919,0000,,EX,37.5N,74.0W,35,1003,0,0,0,60,0,0,0,0,0,0,0,0,-999
20040919,0600,,EX,36.0N,74.0W,35,1005,0,0,0,75,0,0,0,0,0,0,0,0,-999
20040919,1200,,EX,34.5N,74.5W,35,1008,0,0,0,75,0,0,0,0,0,0,0,0,-999
20040919,1800,,EX,32.8N,75.8W,35,1008,0,0,0,75,0,0,0,0,0,0,0,0,-999
20040920,0000,,EX,31.0N,77.5W,35,1008,0,0,0,75,0,0,0,0,0,0,0,0,-999
20040920,0600,,EX,29.0N,78.5W,35,1008,0,0,0,60,0,0,0,0,0,0,0,0,-999
20040920,1200,,EX,27.5N,78.7W,30,1009,0,0,0,0,0,0,0,0,0,0,0,0,-999
20040920,1800,,EX,26.4N,79.1W,25,1009,0,0,0,0,0,0,0,0,0,0,0,0,-999
20040921,0000,,EX,26.1N,79.7W,25,1009,0,0,0,0,0,0,0,0,0,0,0,0,-999
20040921,0600,,EX,25.9N,80.6W,25,1009,0,0,0,0,0,0,0,0,0,0,0,0,-999
20040921,1200,,EX,25.8N,81.7W,25,1009,0,0,0,0,0,0,0,0,0,0,0,0,-999
20040921,1800,,LO,25.2N,82.8W,25,1010,0,0,0,0,0,0,0,0,0,0,0,0,-999
20040922,0000,,LO,24.8N,84.1W,25,1010,0,0,0,0,0,0,0,0,0,0,0,0,-999
20040922,0600,,LO,25.1N,86.1W,25,1010,0,0,0,0,0,0,0,0,0,0,0,0,-999
20040922,1200,,LO,26.0N,87.3W,25,1010,0,0,0,0,0,0,0,0,0,0,0,0,-999
20040922,1800,,TD,26.5N,88.6W,30,1008,0,0,0,0,0,0,0,0,0,0,0,0,-999
20040923,0000,,TS,27.1N,89.5W,35,1007,75,30,0,0,0,0,0,0,0,0,0,0,-999
20040923,0600,,TS,27.9N,91.0W,35,1007,75,50,0,0,0,0,0,0,0,0,0,0,-999
20040923,1200,,TS,28.9N,92.2W,50,998,60,60,20,40,20,0,0,20,0,0,0,0,-999
20040923,1800,,TS,29.2N,92.7W,40,1003,50,50,20,40,0,0,0,0,0,0,0,0,-999
20040924,0000,,TD,29.6N,93.2W,30,1003,0,0,0,0,0,0,0,0,0,0,0,0,-999
20040924,0200,L,TD,29.8N,93.6W,30,1004,0,0,0,0,0,0,0,0,0,0,0,0,-999
20040924,0600,,TD,30.1N,94.2W,25,1009,0,0,0,0,0,0,0,0,0,0,0,0,-999
#AL112004,JEANNE
20040913,1800,,TD,15.9N,60.0W,25,1010,0,0,0,0,0,0,0,0,0,0,0,0,-999
20040914,0000,,TD,16.0N,60.7W,25,1010,0,0,0,0,0,0,0,0,0,0,0,0,-999
20040914,0400,L,TD,16.2N,61.3W,30,1009,0,0,0,0,0,0,0,0,0,0,0,0,-999
20040914,0600,,TD,16.3N,61.5W,30,1009,0,0,0,0,0,0,0,0,0,0,0,0,-999
20040914,1200,,TS,16.4N,62.6W,35,1006,30,30,15,0,0,0,0,0,0,0,0,0,-999
20040914,1800,,TS,16.7N,63.5W,50,996,35,35,35,35,15,15,15,15,0,0,0,0,-999
20040915,0000,,TS,17.1N,64.0W,55,996,35,35,35,35,15,15,15,15,0,0,0,0,-999
20040915,0600,,TS,17.2N,64.8W,55,994,35,35,35,35,15,15,15,15,0,0,0,0,-999
20040915,1200,,TS,17.6N,65.4W,60,991,50,50,50,50,20,20,20,20,0,0,0,0,-999
20040915,1600,L,TS,18.0N,66.0W,60,991,-999,-999,-999,-999,-999,-999,-999,-999,-999,-999,-999,-999,-999
20040915,1800,,TS,18.1N,66.2W,60,991,60,60,60,60,20,20,20,20,0,0,0,0,-999
20040916,0000,,TS,18.5N,67.1W,60,993,60,30,60,60,20,10,20,20,0,0,0,0,-999
20040916,0600,,TS,18.6N,67.8W,60,992,35,20,20,35,15,0,0,15,0,0,0,0,-999
20040916,1100,L,HU,18.6N,68.3W,70,985,-999,-999,-999,-999,-999,-999,-999,-999,-999,-999,-999,-999,-999
20040916,1200,,HU,18.6N,68.5W,70,984,35,20,20,35,25,0,0,25,20,0,0,20,-999
20040916,1800,,HU,18.8N,69.0W,65,988,60,60,30,60,30,30,0,30,20,0,0,20,-999
20040917,0000,,TS,19.2N,69.4W,60,990,60,60,30,60,30,30,15,30,0,0,0,0,-999
20040917,0600,,TS,19.4N,69.9W,55,990,60,60,30,60,30,30,15,30,0,0,0,0,-999
20040917,1200,,TS,19.7N,70.7W,50,990,175,150,0,75,100,0,0,50,0,0,0,0,-999
20040917,1800,,TD,20.0N,71.6W,30,1002,0,0,0,0,0,0,0,0,0,0,0,0,-999
20040918,0000,,TS,20.2N,72.0W,40,1000,15,0,0,15,0,0,0,0,0,0,0,0,-999
20040918,0600,,TS,20.4N,72.5W,45,1000,75,0,0,20,0,0,0,0,0,0,0,0,-999
20040918,1200,,TS,21.2N,72.8W,45,1000,75,50,0,20,0,0,0,0,0,0,0,0,-999
20040918,1800,,TS,21.7N,72.3W,40,1005,75,75,0,0,0,0,0,0,0,0,0,0,-999
20040919,0000,,TS,22.2N,72.2W,40,1002,75,75,0,0,0,0,0,0,0,0,0,0,-999
20040919,0600,,TS,22.8N,72.3W,40,1002,75,75,0,0,0,0,0,0,0,0,0,0,-999
20040919,1200,,TS,23.5N,72.5W,40,1000,75,75,0,0,0,0,0,0,0,0,0,0,-999
20040919,1800,,TS,24.2N,72.3W,45,996,75,75,75,75,0,0,0,0,0,0,0,0,-999
20040920,0000,,TS,24.8N,72.1W,50,994,75,75,75,75,25,25,0,0,0,0,0,0,-999
20040920,0600,,TS,25.5N,72.0W,55,992,90,75,75,75,60,40,0,0,0,0,0,0,-999
20040920,1200,,TS,26.6N,71.7W,60,989,90,80,80,80,60,40,40,40,0,0,0,0,-999
20040920,1800,,HU,27.2N,71.4W,75,984,90,80,80,90,60,40,50,50,20,20,20,20,-999
20040921,0000,,HU,27.4N,70.8W,75,982,90,90,90,90,60,60,60,60,20,20,20,20,-999
20040921,0600,,HU,27.6N,70.2W,75,972,90,90,90,105,60,60,60,75,30,30,30,45,-999
20040921,1200,,HU,27.6N,69.5W,75,972,90,90,90,105,60,60,60,70,30,30,30,40,-999
20040921,1800,,HU,27.4N,69.2W,75,972,90,90,90,105,60,60,60,70,30,30,30,40,-999
20040922,0000,,HU,27.2N,68.9W,80,972,90,90,90,100,60,60,60,70,30,30,30,40,-999
20040922,0600,,HU,26.8N,68.7W,85,968,100,100,100,110,60,60,60,70,30,30,30,40,-999
20040922,1200,,HU,26.5N,68.5W,85,968,100,100,100,120,60,60,60,70,30,30,30,40,-999
20040922,1800,,HU,26.2N,68.8W,85,967,100,100,100,120,60,60,60,70,30,30,30,40,-999
20040923,0000,,HU,25.7N,69.0W,85,966,100,100,100,120,60,60,60,70,30,30,30,40,-999
20040923,0600,,HU,25.5N,69.3W,85,966,100,100,100,120,60,60,60,70,30,30,30,40,-999
20040923,1200,,HU,25.5N,69.6W,80,966,100,100,100,120,60,60,60,70,30,30,30,40,-999
20040923,1800,,HU,25.8N,70.0W,75,966,100,100,100,120,60,60,60,70,30,30,30,40,-999
20040924,0000,,HU,26.0N,70.4W,70,966,100,100,100,120,60,60,60,70,30,30,30,40,-999
20040924,0600,,HU,26.1N,71.2W,75,969,105,105,105,120,70,70,70,80,35,30,35,40,-999
20040924,1200,,HU,26.2N,72.2W,80,969,120,105,105,130,70,70,70,80,35,35,35,40,-999
20040924,1800,,HU,26.4N,73.1W,85,968,120,105,105,130,70,70,70,80,35,35,35,40,-999
20040925,0000,,HU,26.4N,74.3W,85,964,180,120,105,130,100,70,70,80,60,45,45,60,-999
20040925,0600,,HU,26.5N,75.6W,90,960,180,120,105,130,100,70,70,90,60,45,45,60,-999
20040925,1200,,HU,26.6N,76.9W,100,957,180,120,75,130,100,70,50,90,60,45,30,60,-999
20040925,1400,L,HU,26.7N,77.3W,100,956,-999,-999,-999,-999,-999,-999,-999,-999,-999,-999,-999,-999,-999
20040925,1800,,HU,26.9N,78.2W,105,952,180,120,85,150,100,70,50,90,60,45,30,60,-999
20040926,0000,,HU,27.1N,79.4W,105,951,180,150,125,150,100,90,70,90,60,60,50,60,-999
20040926,0400,L,HU,27.2N,80.2W,105,950,-999,-999,-999,-999,-999,-999,-999,-999,-999,-999,-999,-999,45
20040926,0600,,HU,27.3N,80.6W,95,953,180,125,125,150,100,75,60,75,60,50,40,50,-999
20040926,1200,,HU,27.7N,81.6W,75,965,150,125,125,150,75,75,60,75,30,0,0,25,-999
20040926,1800,,TS,28.3N,82.3W,55,970,150,125,100,150,75,75,60,75,0,0,0,0,-999
20040927,0000,,TS,29.3N,82.7W,45,978,150,130,75,75,0,0,0,0,0,0,0,0,-999
20040927,0600,,TS,30.1N,83.3W,40,981,175,175,90,60,0,0,0,0,0,0,0,0,-999
20040927,1200,,TS,31.1N,83.9W,35,987,175,175,90,60,0,0,0,0,0,0,0,0,-999
20040927,1800,,TD,32.5N,83.6W,30,993,0,0,0,0,0,0,0,0,0,0,0,0,-999
20040928,0000,,TD,33.2N,83.2W,25,998,0,0,0,0,0,0,0,0,0,0,0,0,-999
20040928,0600,,TD,34.1N,82.4W,20,999,0,0,0,0,0,0,0,0,0,0,0,0,-999
20040928,1200,,TD,35.4N,81.0W,20,1000,0,0,0,0,0,0,0,0,0,0,0,0,-999
20040928,1800,,TD,37.3N,78.4W,25,999,0,0,0,0,0,0,0,0,0,0,0,0,-999
20040929,0000,,EX,38.3N,76.4W,25,999,0,0,0,0,0,0,0,0,0,0,0,0,-999
20040929,0600,,EX,38.8N,74.7W,35,999,175,0,0,0,0,0,0,0,0,0,0,0,-999
20040929,1200,,EX,38.5N,72.5W,35,999,150,0,0,0,0,0,0,0,0,0,0,0,-999
#AL042005,DENNIS
20050704,1800,,TD,12.0N,60.8W,25,1010,0,0,0,0,0,0,0,0,0,0,0,0,-999
20050704,2100,L,TD,12.1N,61.6W,30,1010,0,0,0,0,0,0,0,0,0,0,0,0,-999
20050705,0000,,TD,12.2N,62.5W,30,1009,0,0,0,0,0,0,0,0,0,0,0,0,-999
20050705,0600,,TD,12.5N,64.2W,30,1008,0,0,0,0,0,0,0,0,0,0,0,0,-999
20050705,1200,,TS,13.0N,65.9W,35,1007,50,40,0,50,0,0,0,0,0,0,0,0,-999
20050705,1800,,TS,13.6N,67.3W,40,1005,50,40,0,50,0,0,0,0,0,0,0,0,-999
20050706,0000,,TS,14.3N,68.5W,45,1000,50,40,20,50,0,0,0,0,0,0,0,0,-999
20050706,0600,,TS,14.7N,69.7W,50,995,75,75,25,75,25,25,0,25,0,0,0,0,-999
20050706,1200,,TS,15.1N,70.9W,55,991,80,75,25,75,30,25,0,25,0,0,0,0,-999
20050706,1800,,TS,15.6N,71.9W,60,989,90,75,35,80,40,30,0,40,0,0,0,0,-999
20050707,0000,,HU,16.2N,73.0W,70,982,110,80,45,100,50,30,10,40,20,0,0,20,-999
20050707,0600,,HU,16.7N,74.1W,80,972,110,90,45,100,50,30,10,40,20,0,0,20,-999
20050707,1200,,HU,17.6N,74.9W,90,967,120,105,75,100,75,45,20,40,40,15,0,20,-999
20050707,1800,,HU,18.5N,76.1W,100,957,120,110,75,100,75,70,20,50,40,30,15,30,-999
20050708,0000,,HU,19.4N,77.1W,120,951,120,110,75,100,75,70,25,50,45,30,20,30,-999
20050708,0245,L,HU,19.9N,77.6W,120,956,-999,-999,-999,-999,-999,-999,-999,-999,-999,-999,-999,-999,-999
20050708,0600,,HU,20.3N,78.4W,110,953,120,110,75,100,75,75,25,50,45,30,20,30,-999
20050708,1200,,HU,20.9N,79.5W,130,938,140,120,75,100,75,75,25,50,45,30,20,30,-999
20050708,1800,,HU,22.0N,80.6W,120,941,140,140,75,120,90,75,30,55,55,35,20,30,-999
20050708,1845,L,HU,22.1N,80.7W,120,941,-999,-999,-999,-999,-999,-999,-999,-999,-999,-999,-999,-999,-999
20050709,0000,,HU,22.7N,81.6W,100,960,150,150,75,140,90,75,30,55,55,35,20,30,-999
20050709,0600,,HU,23.4N,82.5W,75,973,175,150,75,140,90,75,30,55,55,35,20,30,-999
20050709,1200,,HU,24.3N,83.4W,80,967,175,150,75,140,90,75,30,55,45,25,15,25,-999
20050709,1800,,HU,25.2N,84.2W,90,962,175,175,80,150,100,75,30,55,35,25,15,25,-999
20050710,0000,,HU,26.1N,85.0W,110,942,175,200,80,150,100,75,30,55,35,25,15,25,-999
20050710,0600,,HU,27.2N,85.8W,125,935,175,200,90,150,100,75,30,60,35,25,15,25,-999
20050710,1200,,HU,28.5N,86.3W,120,930,175,200,90,115,100,75,30,50,25,25,15,25,-999
20050710,1800,,HU,29.9N,86.9W,110,942,110,175,90,75,65,60,30,30,20,20,15,20,-999
20050710,1930,L,HU,30.4N,87.1W,105,946,-999,-999,-999,-999,-999,-999,-999,-999,-999,-999,-999,-999,5
20050711,0000,,TS,31.5N,87.7W,45,970,60,60,30,60,0,0,0,0,0,0,0,0,-999
20050711,0600,,TD,32.6N,88.5W,30,991,0,0,0,0,0,0,0,0,0,0,0,0,-999
20050711,1200,,TD,33.9N,88.8W,25,997,0,0,0,0,0,0,0,0,0,0,0,0,-999
20050711,1800,,TD,35.3N,89.1W,20,1002,0,0,0,0,0,0,0,0,0,0,0,0,-999
20050712,0000,,TD,36.4N,89.2W,20,1003,0,0,0,0,0,0,0,0,0,0,0,0,-999
20050712,0600,,TD,37.1N,89.0W,15,1005,0,0,0,0,0,0,0,0,0,0,0,0,-999
20050712,1200,,TD,37.7N,88.7W,15,1007,0,0,0,0,0,0,0,0,0,0,0,0,-999
20050712,1800,,TD,38.1N,88.3W,15,1008,0,0,0,0,0,0,0,0,0,0,0,0,-999
20050713,0000,,TD,38.5N,87.8W,15,1009,0,0,0,0,0,0,0,0,0,0,0,0,-999
20050713,0600,,TD,38.9N,87.2W,15,1010,0,0,0,0,0,0,0,0,0,0,0,0,-999
20050713,1200,,LO,39.2N,86.5W,15,1010,0,0,0,0,0,0,0,0,0,0,0,0,-999
20050713,1800,,LO,39.2N,85.8W,15,1010,0,0,0,0,0,0,0,0,0,0,0,0,-999
20050714,0000,,LO,39.2N,85.7W,10,1009,0,0,0,0,0,0,0,0,0,0,0,0,-999
20050714,0600,,LO,39.0N,85.6W,10,1009,0,0,0,0,0,0,0,0,0,0,0,0,-999
20050714,1200,,LO,38.7N,85.6W,10,1010,0,0,0,0,0,0,0,0,0,0,0,0,-999
20050714,1800,,LO,38.4N,85.6W,10,1010,0,0,0,0,0,0,0,0,0,0,0,0,-999
20050715,0000,,LO,38.1N,85.8W,10,1009,0,0,0,0,0,0,0,0,0,0,0,0,-999
20050715,0600,,LO,37.9N,86.2W,10,1010,0,0,0,0,0,0,0,0,0,0,0,0,-999
20050715,1200,,LO,38.1N,86.4W,10,1012,0,0,0,0,0,0,0,0,0,0,0,0,-999
20050715,1800,,LO,38.4N,86.6W,10,1012,0,0,0,0,0,0,0,0,0,0,0,0,-999
20050716,0000,,LO,38.6N,86.8W,10,1011,0,0,0,0,0,0,0,0,0,0,0,0,-999
20050716,0600,,LO,39.4N,86.5W,10,1013,0,0,0,0,0,0,0,0,0,0,0,0,-999
20050716,1200,,LO,40.2N,86.2W,10,1013,0,0,0,0,0,0,0,0,0,0,0,0,-999
20050716,1800,,LO,40.8N,85.2W,10,1014,0,0,0,0,0,0,0,0,0,0,0,0,-999
20050717,0000,,LO,41.3N,84.1W,10,1013,0,0,0,0,0,0,0,0,0,0,0,0,-999
20050717,0600,,LO,42.2N,83.2W,10,1013,0,0,0,0,0,0,0,0,0,0,0,0,-999
20050717,1200,,LO,43.1N,82.3W,10,1013,0,0,0,0,0,0,0,0,0,0,0,0,-999
20050717,1800,,LO,43.9N,81.4W,10,1012,0,0,0,0,0,0,0,0,0,0,0,0,-999
20050718,0000,,LO,44.6N,80.5W,10,1010,0,0,0,0,0,0,0,0,0,0,0,0,-999
20050718,0600,,LO,45.8N,79.8W,10,1009,0,0,0,0,0,0,0,0,0,0,0,0,-999
#AL122005,KATRINA
20050823,1800,,TD,23.1N,75.1W,30,1008,0,0,0,0,0,0,0,0,0,0,0,0,-999
20050824,0000,,TD,23.4N,75.7W,30,1007,0,0,0,0,0,0,0,0,0,0,0,0,-999
20050824,0600,,TD,23.8N,76.2W,30,1007,0,0,0,0,0,0,0,0,0,0,0,0,-999
20050824,1200,,TS,24.5N,76.5W,35,1006,60,60,0,0,0,0,0,0,0,0,0,0,-999
20050824,1800,,TS,25.4N,76.9W,40,1003,60,60,0,0,0,0,0,0,0,0,0,0,-999
20050825,0000,,TS,26.0N,77.7W,45,1000,60,60,0,0,0,0,0,0,0,0,0,0,-999
20050825,0600,,TS,26.1N,78.4W,50,997,60,60,0,0,15,0,0,0,0,0,0,0,-999
20050825,1200,,TS,26.2N,79.0W,55,994,60,60,30,50,20,20,0,0,0,0,0,0,-999
20050825,1800,,TS,26.2N,79.6W,60,988,70,70,50,60,25,25,20,20,0,0,0,0,-999
20050825,2230,L,HU,26.0N,80.1W,70,984,-999,-999,-999,-999,-999,-999,-999,-999,-999,-999,-999,-999,15
20050826,0000,,HU,25.9N,80.3W,70,983,70,70,50,40,20,20,20,20,10,10,10,10,-999
20050826,0600,,HU,25.4N,81.3W,65,987,75,75,40,30,60,60,20,20,10,10,10,10,-999
20050826,1200,,HU,25.1N,82.0W,75,979,75,75,45,25,60,60,25,20,20,20,10,10,-999
20050826,1800,,HU,24.9N,82.6W,85,968,75,75,55,35,60,60,35,20,20,20,15,10,-999
20050827,0000,,HU,24.6N,83.3W,90,959,90,75,75,75,60,60,40,30,25,25,20,15,-999
20050827,0600,,HU,24.4N,84.0W,95,950,130,90,90,130,60,60,45,60,35,30,30,25,-999
20050827,1200,,HU,24.4N,84.7W,100,942,130,90,90,130,60,60,45,60,35,30,30,25,-999
20050827,1800,,HU,24.5N,85.3W,100,948,140,90,90,130,70,70,60,70,45,35,35,35,-999
20050828,0000,,HU,24.8N,85.9W,100,941,140,100,100,140,80,80,65,80,60,45,45,50,-999
20050828,0600,,HU,25.2N,86.7W,125,930,160,160,125,140,100,100,75,100,75,75,50,75,-999
20050828,1200,,HU,25.7N,87.7W,145,909,180,180,125,140,120,120,75,100,90,90,50,75,-999
20050828,1800,,HU,26.3N,88.6W,150,902,200,180,125,180,120,120,75,120,90,90,50,90,-999
20050829,0000,,HU,27.2N,89.2W,140,905,200,200,150,180,120,120,75,100,90,90,60,80,-999
20050829,0600,,HU,28.2N,89.6W,125,913,200,200,150,150,120,120,75,100,90,90,60,70,-999
20050829,1110,L,HU,29.3N,89.6W,110,920,-999,-999,-999,-999,-999,-999,-999,-999,-999,-999,-999,-999,20
20050829,1200,,HU,29.5N,89.6W,110,923,200,200,150,100,120,120,75,75,90,90,60,60,-999
20050829,1445,L,HU,30.2N,89.6W,105,928,-999,-999,-999,-999,-999,-999,-999,-999,-999,-999,-999,-999,20
20050829,1800,,HU,31.1N,89.6W,80,948,100,180,100,100,75,100,75,75,50,50,30,30,-999
20050830,0000,,TS,32.6N,89.1W,50,961,75,90,90,50,50,60,0,0,0,0,0,0,-999
20050830,0600,,TS,34.1N,88.6W,40,978,75,90,75,50,0,0,0,0,0,0,0,0,-999
20050830,1200,,TD,35.6N,88.0W,30,985,0,0,0,0,0,0,0,0,0,0,0,0,-999
20050830,1800,,TD,37.0N,87.0W,30,990,0,0,0,0,0,0,0,0,0,0,0,0,-999
20050831,0000,,EX,38.6N,85.3W,30,994,0,0,0,0,0,0,0,0,0,0,0,0,-999
20050831,0600,,EX,40.1N,82.9W,25,996,0,0,0,0,0,0,0,0,0,0,0,0,-999
#AL182005,RITA
20050918,0000,,TD,21.3N,69.9W,25,1009,0,0,0,0,0,0,0,0,0,0,0,0,-999
20050918,0600,,TD,21.6N,70.7W,25,1009,0,0,0,0,0,0,0,0,0,0,0,0,-999
20050918,1200,,TD,21.9N,71.5W,30,1007,0,0,0,0,0,0,0,0,0,0,0,0,-999
20050918,1800,,TS,22.2N,72.3W,35,1005,75,75,0,60,0,0,0,0,0,0,0,0,-999
20050919,0000,,TS,22.4N,73.0W,45,1002,90,60,0,90,0,0,0,0,0,0,0,0,-999
20050919,0600,,TS,22.6N,73.8W,50,999,100,50,0,90,40,0,0,40,0,0,0,0,-999
20050919,1200,,TS,22.8N,74.7W,55,997,120,50,50,90,40,0,0,40,0,0,0,0,-999
20050919,1800,,TS,23.1N,75.9W,60,994,110,60,60,90,40,30,20,40,0,0,0,0,-999
20050920,0000,,TS,23.3N,77.2W,60,992,105,60,60,105,45,30,20,45,0,0,0,0,-999
20050920,0600,,TS,23.5N,78.8W,60,990,105,60,60,105,45,45,20,45,0,0,0,0,-999
20050920,1200,,HU,23.7N,80.3W,70,985,110,75,60,105,45,45,20,45,25,25,0,0,-999
20050920,1800,,HU,23.9N,81.6W,85,975,120,100,60,105,60,45,40,45,40,25,20,40,-999
20050921,0000,,HU,24.1N,82.7W,95,967,120,100,60,105,60,45,40,45,40,25,20,40,-999
20050921,0600,,HU,24.2N,84.0W,110,955,120,100,60,105,60,45,40,60,40,30,25,40,-999
20050921,1200,,HU,24.2N,85.2W,120,941,135,115,80,125,75,50,40,60,50,40,30,40,-999
20050921,1800,,HU,24.3N,86.2W,145,920,150,125,100,150,90,60,50,75,60,50,40,50,-999
20050922,0000,,HU,24.5N,86.9W,150,897,160,140,100,160,90,80,60,90,60,60,40,50,-999
20050922,0300,I,HU,24.7N,87.3W,155,895,-999,-999,-999,-999,-999,-999,-999,-999,-999,-999,-999,-999,-999
20050922,0600,,HU,24.8N,87.6W,155,897,160,140,100,160,100,80,60,90,60,60,40,50,-999
20050922,1200,,HU,25.2N,88.3W,140,908,160,140,100,160,100,80,60,90,75,75,40,75,-999
20050922,1800,,HU,25.6N,89.1W,125,913,180,140,100,140,120,90,50,80,70,60,40,50,-999
20050923,0000,,HU,26.0N,89.9W,120,915,180,150,100,140,120,100,50,80,70,60,40,50,-999
20050923,0600,,HU,26.5N,90.7W,115,924,180,150,120,140,120,100,80,100,75,60,40,50,-999
20050923,1200,,HU,27.1N,91.5W,115,927,180,150,120,160,120,100,80,120,75,60,40,60,-999
20050923,1800,,HU,27.8N,92.3W,110,930,180,150,120,160,120,100,80,120,75,60,40,60,-999
20050924,0000,,HU,28.6N,93.0W,105,931,180,160,120,120,120,100,80,90,75,60,40,60,-999
20050924,0600,,HU,29.4N,93.6W,100,935,180,160,120,120,120,100,80,90,75,60,40,60,-999
20050924,0740,L,HU,29.7N,93.7W,100,937,-999,-999,-999,-999,-999,-999,-999,-999,-999,-999,-999,-999,20
20050924,1200,,HU,30.5N,94.1W,65,949,60,160,120,50,45,45,45,45,30,30,30,30,-999
20050924,1800,,TS,31.6N,94.1W,45,974,50,120,120,50,0,0,0,0,0,0,0,0,-999
20050925,0000,,TS,32.7N,94.0W,35,982,50,50,30,50,0,0,0,0,0,0,0,0,-999
20050925,0600,,TD,33.7N,93.6W,30,989,0,0,0,0,0,0,0,0,0,0,0,0,-999
20050925,1200,,TD,34.7N,92.5W,25,995,0,0,0,0,0,0,0,0,0,0,0,0,-999
20050925,1800,,TD,35.8N,91.4W,25,1000,0,0,0,0,0,0,0,0,0,0,0,0,-999
20050926,0000,,TD,37.0N,90.1W,20,1003,0,0,0,0,0,0,0,0,0,0,0,0,-999
20050926,0600,,LO,39.5N,88.0W,20,1006,0,0,0,0,0,0,0,0,0,0,0,0,-999
#AL252005,WILMA
20051015,1800,,TD,17.6N,78.5W,25,1004,0,0,0,0,0,0,0,0,0,0,0,0,-999
20051016,0000,,TD,17.6N,78.8W,25,1004,0,0,0,0,0,0,0,0,0,0,0,0,-999
20051016,0600,,TD,17.5N,79.0W,30,1003,0,0,0,0,0,0,0,0,0,0,0,0,-999
20051016,1200,,TD,17.5N,79.2W,30,1003,0,0,0,0,0,0,0,0,0,0,0,0,-999
20051016,1800,,TD,17.5N,79.4W,30,1002,0,0,0,0,0,0,0,0,0,0,0,0,-999
20051017,0000,,TD,17.4N,79.6W,30,1001,0,0,0,0,0,0,0,0,0,0,0,0,-999
20051017,0600,,TS,16.9N,79.6W,35,1000,0,0,40,0,0,0,0,0,0,0,0,0,-999
20051017,1200,,TS,16.3N,79.7W,40,999,0,60,40,0,0,0,0,0,0,0,0,0,-999
20051017,1800,,TS,16.0N,79.8W,45,997,30,60,60,30,0,0,0,0,0,0,0,0,-999
20051018,0000,,TS,15.8N,79.9W,55,988,60,60,60,60,20,20,20,20,0,0,0,0,-999
20051018,0600,,TS,15.7N,79.9W,60,982,60,60,50,60,20,20,20,20,0,0,0,0,-999
20051018,1200,,HU,16.2N,80.3W,65,979,105,75,50,105,30,20,20,30,15,15,0,15,-999
20051018,1800,,HU,16.6N,81.1W,75,975,120,75,60,120,50,30,30,50,15,15,15,15,-999
20051019,0000,,HU,16.6N,81.8W,130,946,135,90,90,135,60,30,30,60,15,15,15,15,-999
20051019,0600,,HU,17.0N,82.2W,150,892,140,90,90,140,60,30,30,60,30,15,15,30,-999
20051019,1200,,HU,17.3N,82.8W,160,882,170,125,90,140,70,45,45,70,45,20,20,45,-999
20051019,1800,,HU,17.4N,83.4W,140,892,200,200,100,150,75,60,60,75,50,40,40,50,-999
20051020,0000,,HU,17.9N,84.0W,135,892,200,200,110,150,75,75,60,75,60,40,40,60,-999
20051020,0600,,HU,18.1N,84.7W,130,901,200,200,110,150,75,75,60,75,60,40,40,60,-999
20051020,1200,,HU,18.3N,85.2W,130,910,200,150,110,175,110,85,60,110,75,75,45,75,-999
20051020,1800,,HU,18.6N,85.5W,130,917,175,150,120,175,110,90,75,110,75,75,60,75,-999
20051021,0000,,HU,19.1N,85.8W,130,924,175,150,120,175,110,90,75,110,75,75,60,75,-999
20051021,0600,,HU,19.5N,86.1W,130,930,175,150,120,175,110,90,75,110,75,75,60,75,-999
20051021,1200,,HU,20.1N,86.4W,125,929,175,175,120,150,100,90,75,100,75,75,60,75,-999
20051021,1800,,HU,20.3N,86.7W,120,926,175,175,120,150,100,100,75,100,75,75,60,75,-999
20051021,2145,L,HU,20.6N,86.8W,130,927,-999,-999,-999,-999,-999,-999,-999,-999,-999,-999,-999,-999,-999
20051022,0000,,HU,20.6N,86.8W,120,930,175,175,120,150,100,100,75,100,75,75,60,75,-999
20051022,0330,L,HU,20.8N,86.9W,115,933,-999,-999,-999,-999,-999,-999,-999,-999,-999,-999,-999,-999,-999
20051022,0600,,HU,20.8N,87.0W,110,935,175,175,120,150,100,100,75,100,75,75,60,75,-999
20051022,1200,,HU,21.0N,87.1W,100,947,175,175,120,150,100,100,75,100,75,75,60,75,-999
20051022,1800,,HU,21.3N,87.1W,85,958,175,175,120,150,100,100,75,100,75,75,50,75,-999
20051023,0000,,HU,21.6N,87.0W,85,960,175,175,120,150,100,100,75,90,60,60,50,60,-999
20051023,0600,,HU,21.8N,86.8W,85,962,175,175,125,175,100,100,75,90,60,60,40,40,-999
20051023,1200,,HU,22.4N,86.1W,85,961,200,200,125,175,100,100,75,90,60,60,40,40,-999
20051023,1800,,HU,23.1N,85.4W,90,963,200,200,150,150,125,125,90,90,65,75,50,50,-999
20051024,0000,,HU,24.0N,84.3W,95,958,200,200,150,150,125,125,90,90,65,75,50,50,-999
20051024,0600,,HU,25.0N,83.1W,110,953,200,200,175,150,125,125,100,90,75,80,75,50,-999
20051024,1030,L,HU,25.9N,81.7W,105,950,-999,-999,-999,-999,-999,-999,-999,-999,-999,-999,-999,-999,25
20051024,1200,,HU,26.2N,81.0W,95,950,200,225,200,150,125,150,100,90,75,90,75,40,-999
20051024,1800,,HU,28.0N,78.8W,105,955,200,225,200,150,125,150,100,90,75,90,75,40,-999
20051025,0000,,HU,30.1N,76.0W,110,955,200,225,250,150,125,150,100,90,75,90,75,40,-999
20051025,0600,,HU,33.3N,72.0W,100,963,200,275,375,150,125,150,100,75,75,90,60,40,-999
20051025,1200,,HU,36.8N,67.9W,90,970,200,300,375,175,125,150,100,75,75,90,60,40,-999
20051025,1800,,HU,40.5N,63.5W,75,976,200,300,375,175,125,150,100,75,60,75,45,45,-999
20051026,0000,,EX,42.5N,60.0W,60,978,200,300,375,175,125,150,100,75,0,0,0,0,-999
20051026,0600,,EX,44.0N,57.5W,55,982,200,300,375,175,125,150,100,75,0,0,0,0,-999
20051026,1200,,EX,45.0N,55.0W,50,986,200,300,375,175,125,150,100,75,0,0,0,0,-999
20051026,1800,,EX,45.5N,52.0W,40,990,200,300,375,175,0,0,0,0,0,0,0,0,-999
